9.980000000000000000e+02 1.000000000000000000e+03 1.000000000000000000e+03
9.570000000000000000e+02 9.420000000000000000e+02 9.540000000000000000e+02
9.030000000000000000e+02 9.110000000000000000e+02 9.060000000000000000e+02
8.330000000000000000e+02 8.540000000000000000e+02 8.590000000000000000e+02
8.220000000000000000e+02 8.020000000000000000e+02 8.140000000000000000e+02
7.640000000000000000e+02 7.540000000000000000e+02 7.640000000000000000e+02
7.110000000000000000e+02 7.070000000000000000e+02 6.870000000000000000e+02
6.570000000000000000e+02 6.500000000000000000e+02 6.590000000000000000e+02
6.180000000000000000e+02 6.460000000000000000e+02 6.170000000000000000e+02
5.440000000000000000e+02 5.570000000000000000e+02 5.510000000000000000e+02
4.780000000000000000e+02 4.900000000000000000e+02 4.740000000000000000e+02
