1.000000000000000000e+03 1.000000000000000000e+03 1.000000000000000000e+03 1.000000000000000000e+03 1.000000000000000000e+03
9.480000000000000000e+02 9.420000000000000000e+02 9.540000000000000000e+02 9.490000000000000000e+02 9.520000000000000000e+02
8.990000000000000000e+02 8.980000000000000000e+02 9.040000000000000000e+02 9.040000000000000000e+02 8.950000000000000000e+02
8.580000000000000000e+02 8.430000000000000000e+02 8.530000000000000000e+02 8.570000000000000000e+02 8.420000000000000000e+02
7.960000000000000000e+02 8.070000000000000000e+02 8.130000000000000000e+02 8.030000000000000000e+02 8.110000000000000000e+02
7.560000000000000000e+02 7.280000000000000000e+02 7.560000000000000000e+02 7.480000000000000000e+02 7.830000000000000000e+02
6.900000000000000000e+02 6.880000000000000000e+02 7.080000000000000000e+02 6.900000000000000000e+02 6.990000000000000000e+02
6.490000000000000000e+02 6.330000000000000000e+02 6.470000000000000000e+02 6.750000000000000000e+02 6.450000000000000000e+02
5.900000000000000000e+02 6.120000000000000000e+02 5.920000000000000000e+02 5.930000000000000000e+02 5.900000000000000000e+02
5.720000000000000000e+02 5.390000000000000000e+02 5.490000000000000000e+02 5.300000000000000000e+02 5.370000000000000000e+02
4.880000000000000000e+02 5.120000000000000000e+02 5.040000000000000000e+02 5.360000000000000000e+02 5.130000000000000000e+02
