8.200000000000000000e+01 5.100000000000000000e+01 5.700000000000000000e+01 6.700000000000000000e+01 4.800000000000000000e+01
6.100000000000000000e+01 8.100000000000000000e+01 5.900000000000000000e+01 5.400000000000000000e+01 4.600000000000000000e+01
8.400000000000000000e+01 7.400000000000000000e+01 8.300000000000000000e+01 9.200000000000000000e+01 1.020000000000000000e+02
1.240000000000000000e+02 1.060000000000000000e+02 1.150000000000000000e+02 1.170000000000000000e+02 1.260000000000000000e+02
1.610000000000000000e+02 1.600000000000000000e+02 1.470000000000000000e+02 1.540000000000000000e+02 1.600000000000000000e+02
2.200000000000000000e+02 2.020000000000000000e+02 2.260000000000000000e+02 2.100000000000000000e+02 2.050000000000000000e+02
2.480000000000000000e+02 2.600000000000000000e+02 2.690000000000000000e+02 2.640000000000000000e+02 2.650000000000000000e+02
3.280000000000000000e+02 3.210000000000000000e+02 2.910000000000000000e+02 3.210000000000000000e+02 3.130000000000000000e+02
3.780000000000000000e+02 3.600000000000000000e+02 3.700000000000000000e+02 3.350000000000000000e+02 3.360000000000000000e+02
4.660000000000000000e+02 4.330000000000000000e+02 4.410000000000000000e+02 4.290000000000000000e+02 4.050000000000000000e+02
5.220000000000000000e+02 5.320000000000000000e+02 5.060000000000000000e+02 4.760000000000000000e+02 4.910000000000000000e+02
