9.880000000000000000e+02 9.870000000000000000e+02 9.920000000000000000e+02 9.930000000000000000e+02 9.950000000000000000e+02
9.760000000000000000e+02 9.730000000000000000e+02 9.860000000000000000e+02 9.750000000000000000e+02 9.760000000000000000e+02
9.490000000000000000e+02 9.560000000000000000e+02 9.550000000000000000e+02 9.540000000000000000e+02 9.550000000000000000e+02
9.270000000000000000e+02 9.130000000000000000e+02 9.070000000000000000e+02 9.150000000000000000e+02 9.290000000000000000e+02
8.770000000000000000e+02 8.760000000000000000e+02 8.810000000000000000e+02 8.940000000000000000e+02 8.610000000000000000e+02
8.330000000000000000e+02 8.440000000000000000e+02 8.350000000000000000e+02 8.330000000000000000e+02 8.170000000000000000e+02
7.580000000000000000e+02 8.010000000000000000e+02 7.910000000000000000e+02 8.020000000000000000e+02 7.680000000000000000e+02
7.510000000000000000e+02 7.360000000000000000e+02 7.450000000000000000e+02 7.270000000000000000e+02 7.300000000000000000e+02
6.890000000000000000e+02 6.880000000000000000e+02 6.610000000000000000e+02 6.680000000000000000e+02 6.390000000000000000e+02
5.860000000000000000e+02 6.040000000000000000e+02 5.950000000000000000e+02 6.200000000000000000e+02 6.030000000000000000e+02
5.090000000000000000e+02 4.950000000000000000e+02 5.480000000000000000e+02 5.350000000000000000e+02 5.180000000000000000e+02
