1.000000000000000000e+03 1.000000000000000000e+03 1.000000000000000000e+03 1.000000000000000000e+03 1.000000000000000000e+03
9.930000000000000000e+02 9.960000000000000000e+02 9.930000000000000000e+02 9.970000000000000000e+02 9.940000000000000000e+02
9.770000000000000000e+02 9.730000000000000000e+02 9.800000000000000000e+02 9.720000000000000000e+02 9.810000000000000000e+02
9.460000000000000000e+02 9.450000000000000000e+02 9.370000000000000000e+02 9.490000000000000000e+02 9.540000000000000000e+02
9.030000000000000000e+02 8.920000000000000000e+02 9.020000000000000000e+02 8.900000000000000000e+02 9.050000000000000000e+02
8.360000000000000000e+02 8.310000000000000000e+02 8.350000000000000000e+02 8.470000000000000000e+02 8.390000000000000000e+02
8.050000000000000000e+02 7.680000000000000000e+02 7.630000000000000000e+02 7.710000000000000000e+02 7.830000000000000000e+02
6.990000000000000000e+02 7.490000000000000000e+02 7.210000000000000000e+02 7.230000000000000000e+02 6.950000000000000000e+02
6.410000000000000000e+02 6.480000000000000000e+02 6.490000000000000000e+02 6.740000000000000000e+02 6.240000000000000000e+02
5.720000000000000000e+02 5.850000000000000000e+02 5.340000000000000000e+02 5.680000000000000000e+02 5.790000000000000000e+02
4.930000000000000000e+02 5.160000000000000000e+02 5.220000000000000000e+02 4.920000000000000000e+02 5.050000000000000000e+02
