5.300000000000000000e+01 9.800000000000000000e+01 9.500000000000000000e+01 1.540000000000000000e+02 5.700000000000000000e+01
8.300000000000000000e+01 1.070000000000000000e+02 1.190000000000000000e+02 1.160000000000000000e+02 1.180000000000000000e+02
1.870000000000000000e+02 2.110000000000000000e+02 1.380000000000000000e+02 1.670000000000000000e+02 1.560000000000000000e+02
1.570000000000000000e+02 2.080000000000000000e+02 1.930000000000000000e+02 1.530000000000000000e+02 1.530000000000000000e+02
2.130000000000000000e+02 2.210000000000000000e+02 2.310000000000000000e+02 2.300000000000000000e+02 2.160000000000000000e+02
2.200000000000000000e+02 2.260000000000000000e+02 1.970000000000000000e+02 2.110000000000000000e+02 2.750000000000000000e+02
2.520000000000000000e+02 2.930000000000000000e+02 3.370000000000000000e+02 3.170000000000000000e+02 3.250000000000000000e+02
3.690000000000000000e+02 2.950000000000000000e+02 3.220000000000000000e+02 3.510000000000000000e+02 4.030000000000000000e+02
4.220000000000000000e+02 4.130000000000000000e+02 4.110000000000000000e+02 3.820000000000000000e+02 3.870000000000000000e+02
4.310000000000000000e+02 4.340000000000000000e+02 4.720000000000000000e+02 4.400000000000000000e+02 4.510000000000000000e+02
5.360000000000000000e+02 5.030000000000000000e+02 4.970000000000000000e+02 5.140000000000000000e+02 5.200000000000000000e+02
