9.780000000000000000e+02 9.530000000000000000e+02 9.670000000000000000e+02 9.810000000000000000e+02 9.900000000000000000e+02
9.640000000000000000e+02 9.540000000000000000e+02 9.500000000000000000e+02 9.600000000000000000e+02 9.640000000000000000e+02
9.490000000000000000e+02 9.230000000000000000e+02 9.160000000000000000e+02 9.440000000000000000e+02 9.360000000000000000e+02
9.060000000000000000e+02 9.220000000000000000e+02 9.030000000000000000e+02 9.090000000000000000e+02 9.070000000000000000e+02
8.920000000000000000e+02 8.900000000000000000e+02 8.590000000000000000e+02 9.150000000000000000e+02 8.900000000000000000e+02
8.650000000000000000e+02 8.530000000000000000e+02 8.460000000000000000e+02 8.680000000000000000e+02 8.490000000000000000e+02
8.120000000000000000e+02 7.940000000000000000e+02 7.460000000000000000e+02 7.540000000000000000e+02 8.550000000000000000e+02
7.660000000000000000e+02 7.300000000000000000e+02 7.540000000000000000e+02 7.040000000000000000e+02 7.270000000000000000e+02
6.920000000000000000e+02 7.040000000000000000e+02 6.960000000000000000e+02 6.980000000000000000e+02 6.960000000000000000e+02
5.780000000000000000e+02 6.100000000000000000e+02 6.130000000000000000e+02 6.020000000000000000e+02 6.120000000000000000e+02
5.470000000000000000e+02 5.650000000000000000e+02 5.250000000000000000e+02 5.520000000000000000e+02 5.380000000000000000e+02
