1.000000000000000000e+03 1.000000000000000000e+03 1.000000000000000000e+03 1.000000000000000000e+03 1.000000000000000000e+03
9.980000000000000000e+02 9.990000000000000000e+02 9.990000000000000000e+02 9.990000000000000000e+02 9.990000000000000000e+02
9.870000000000000000e+02 9.910000000000000000e+02 9.880000000000000000e+02 9.880000000000000000e+02 9.920000000000000000e+02
9.720000000000000000e+02 9.730000000000000000e+02 9.790000000000000000e+02 9.770000000000000000e+02 9.750000000000000000e+02
9.440000000000000000e+02 9.320000000000000000e+02 9.390000000000000000e+02 9.400000000000000000e+02 9.360000000000000000e+02
9.010000000000000000e+02 9.000000000000000000e+02 8.930000000000000000e+02 8.880000000000000000e+02 8.810000000000000000e+02
8.420000000000000000e+02 8.280000000000000000e+02 8.380000000000000000e+02 8.340000000000000000e+02 8.090000000000000000e+02
7.480000000000000000e+02 7.780000000000000000e+02 7.710000000000000000e+02 7.670000000000000000e+02 7.420000000000000000e+02
6.720000000000000000e+02 6.750000000000000000e+02 6.720000000000000000e+02 6.940000000000000000e+02 6.920000000000000000e+02
5.900000000000000000e+02 5.940000000000000000e+02 5.630000000000000000e+02 5.940000000000000000e+02 6.010000000000000000e+02
4.910000000000000000e+02 4.930000000000000000e+02 4.990000000000000000e+02 4.760000000000000000e+02 4.840000000000000000e+02
