1.600000000000000000e+02 2.220000000000000000e+02 1.340000000000000000e+02 1.370000000000000000e+02 1.140000000000000000e+02
1.750000000000000000e+02 1.620000000000000000e+02 1.850000000000000000e+02 1.530000000000000000e+02 1.220000000000000000e+02
2.520000000000000000e+02 1.640000000000000000e+02 2.000000000000000000e+02 1.680000000000000000e+02 1.780000000000000000e+02
2.490000000000000000e+02 2.390000000000000000e+02 2.380000000000000000e+02 2.270000000000000000e+02 1.630000000000000000e+02
2.280000000000000000e+02 2.660000000000000000e+02 2.460000000000000000e+02 1.900000000000000000e+02 2.510000000000000000e+02
2.530000000000000000e+02 2.770000000000000000e+02 2.730000000000000000e+02 2.750000000000000000e+02 3.100000000000000000e+02
3.610000000000000000e+02 3.290000000000000000e+02 2.830000000000000000e+02 3.760000000000000000e+02 3.490000000000000000e+02
4.040000000000000000e+02 3.660000000000000000e+02 3.830000000000000000e+02 3.130000000000000000e+02 3.420000000000000000e+02
3.840000000000000000e+02 3.890000000000000000e+02 4.190000000000000000e+02 4.240000000000000000e+02 4.690000000000000000e+02
4.900000000000000000e+02 4.650000000000000000e+02 5.190000000000000000e+02 4.140000000000000000e+02 4.700000000000000000e+02
5.700000000000000000e+02 5.380000000000000000e+02 5.400000000000000000e+02 5.790000000000000000e+02 5.080000000000000000e+02
