9.530000000000000000e+02 9.630000000000000000e+02 9.600000000000000000e+02 9.620000000000000000e+02 9.480000000000000000e+02
9.230000000000000000e+02 9.610000000000000000e+02 9.650000000000000000e+02 9.460000000000000000e+02 9.140000000000000000e+02
9.340000000000000000e+02 9.350000000000000000e+02 9.210000000000000000e+02 9.350000000000000000e+02 9.400000000000000000e+02
8.940000000000000000e+02 8.700000000000000000e+02 8.990000000000000000e+02 8.960000000000000000e+02 9.270000000000000000e+02
8.870000000000000000e+02 8.540000000000000000e+02 9.020000000000000000e+02 8.750000000000000000e+02 8.780000000000000000e+02
8.670000000000000000e+02 8.350000000000000000e+02 8.220000000000000000e+02 8.410000000000000000e+02 8.650000000000000000e+02
8.300000000000000000e+02 7.790000000000000000e+02 8.210000000000000000e+02 8.120000000000000000e+02 8.010000000000000000e+02
7.420000000000000000e+02 7.520000000000000000e+02 7.670000000000000000e+02 7.910000000000000000e+02 7.490000000000000000e+02
6.830000000000000000e+02 7.030000000000000000e+02 6.750000000000000000e+02 7.010000000000000000e+02 7.060000000000000000e+02
6.010000000000000000e+02 6.180000000000000000e+02 6.390000000000000000e+02 6.270000000000000000e+02 6.570000000000000000e+02
5.450000000000000000e+02 6.040000000000000000e+02 5.630000000000000000e+02 5.690000000000000000e+02 6.400000000000000000e+02
