1.000000000000000000e+03 1.000000000000000000e+03 1.000000000000000000e+03 1.000000000000000000e+03 1.000000000000000000e+03
9.990000000000000000e+02 1.000000000000000000e+03 1.000000000000000000e+03 9.990000000000000000e+02 1.000000000000000000e+03
9.990000000000000000e+02 9.920000000000000000e+02 9.950000000000000000e+02 9.970000000000000000e+02 9.990000000000000000e+02
9.860000000000000000e+02 9.810000000000000000e+02 9.850000000000000000e+02 9.860000000000000000e+02 9.860000000000000000e+02
9.650000000000000000e+02 9.650000000000000000e+02 9.600000000000000000e+02 9.660000000000000000e+02 9.700000000000000000e+02
9.290000000000000000e+02 9.320000000000000000e+02 9.310000000000000000e+02 9.330000000000000000e+02 9.350000000000000000e+02
8.650000000000000000e+02 8.740000000000000000e+02 8.710000000000000000e+02 8.550000000000000000e+02 8.660000000000000000e+02
8.020000000000000000e+02 7.930000000000000000e+02 8.120000000000000000e+02 8.060000000000000000e+02 8.120000000000000000e+02
7.040000000000000000e+02 7.270000000000000000e+02 7.180000000000000000e+02 7.280000000000000000e+02 7.010000000000000000e+02
5.980000000000000000e+02 6.190000000000000000e+02 6.080000000000000000e+02 6.140000000000000000e+02 5.920000000000000000e+02
4.870000000000000000e+02 4.720000000000000000e+02 4.900000000000000000e+02 4.930000000000000000e+02 5.030000000000000000e+02
