5.250000000000000000e+02 6.450000000000000000e+02 6.000000000000000000e+02 4.640000000000000000e+02 5.230000000000000000e+02
5.200000000000000000e+02 4.640000000000000000e+02 5.090000000000000000e+02 5.120000000000000000e+02 5.010000000000000000e+02
5.220000000000000000e+02 4.880000000000000000e+02 4.150000000000000000e+02 4.480000000000000000e+02 4.540000000000000000e+02
3.760000000000000000e+02 4.280000000000000000e+02 4.550000000000000000e+02 5.080000000000000000e+02 3.780000000000000000e+02
4.830000000000000000e+02 2.140000000000000000e+02 4.080000000000000000e+02 3.910000000000000000e+02 3.590000000000000000e+02
7.300000000000000000e+01 2.110000000000000000e+02 3.010000000000000000e+02 3.600000000000000000e+02 3.380000000000000000e+02
2.190000000000000000e+02 3.630000000000000000e+02 5.800000000000000000e+01 2.830000000000000000e+02 3.730000000000000000e+02
2.760000000000000000e+02 2.220000000000000000e+02 3.250000000000000000e+02 2.530000000000000000e+02 3.110000000000000000e+02
1.880000000000000000e+02 2.740000000000000000e+02 1.630000000000000000e+02 2.670000000000000000e+02 2.510000000000000000e+02
2.850000000000000000e+02 2.300000000000000000e+02 8.700000000000000000e+01 1.500000000000000000e+02 2.470000000000000000e+02
1.670000000000000000e+02 2.080000000000000000e+02 1.740000000000000000e+02 1.120000000000000000e+02 1.820000000000000000e+02
