1.000000000000000000e+03 1.000000000000000000e+03 1.000000000000000000e+03 1.000000000000000000e+03 1.000000000000000000e+03
1.000000000000000000e+03 1.000000000000000000e+03 1.000000000000000000e+03 1.000000000000000000e+03 1.000000000000000000e+03
1.000000000000000000e+03 1.000000000000000000e+03 9.980000000000000000e+02 1.000000000000000000e+03 9.990000000000000000e+02
9.890000000000000000e+02 9.940000000000000000e+02 9.990000000000000000e+02 9.970000000000000000e+02 9.920000000000000000e+02
9.860000000000000000e+02 9.840000000000000000e+02 9.890000000000000000e+02 9.750000000000000000e+02 9.840000000000000000e+02
9.600000000000000000e+02 9.560000000000000000e+02 9.470000000000000000e+02 9.430000000000000000e+02 9.480000000000000000e+02
8.910000000000000000e+02 9.120000000000000000e+02 8.950000000000000000e+02 9.110000000000000000e+02 9.200000000000000000e+02
8.270000000000000000e+02 8.340000000000000000e+02 8.350000000000000000e+02 8.210000000000000000e+02 8.120000000000000000e+02
7.250000000000000000e+02 7.270000000000000000e+02 7.210000000000000000e+02 7.560000000000000000e+02 7.440000000000000000e+02
6.200000000000000000e+02 6.500000000000000000e+02 6.290000000000000000e+02 6.440000000000000000e+02 6.080000000000000000e+02
5.210000000000000000e+02 4.910000000000000000e+02 4.900000000000000000e+02 5.010000000000000000e+02 4.940000000000000000e+02
